JOB1
133    1    1    2
 1       0      0      1         45.            15.        0
  2      0      0      1          45.            25.       0
  3      0      0      1          20.            25.       0
  4      1      1      1          20.           -25.       0
  5      1      1      1          45.           -25.       0
  6      0      0      1          45.           -15.       0
  7      0      0      1          30.           -15.       0
  8      0      0      1          30.            15.       0
  9      0      0      1          45.            20.       0
 10      0      0      1          40.            25.       0
 11      0      0      1          35.            25.       0
 12      0      0      1          30.            25.       0
 13      0      0      1          25.            25.       0
 14      0      0      1          20.            20.       0
 15      0      0      1          20.            15.       0
 16      0      0      1          20.            10.       0
 17      0      0      1          20.             5.       0
 18      0      0      1          20.             0.       0
 19      0      0      1          20.            -5.       0
 20      0      0      1          20.           -10.       0
 21      0      0      1          20.           -15.       0
 22      0      0      1          20.           -20.       0
 23      1      1      1          25.           -25.       0
 24      1      1      1          30.           -25.       0
 25      1      1      1          35.           -25.       0
 26      1      1      1          40.           -25.       0
 27      0      0      1          45.           -20.       0
 28      0      0      1          40.           -15.       0
 29      0      0      1          35.           -15.       0
 30      0      0      1          30.           -10.       0
 31      0      0      1          30.            -5.       0
 32      0      0      1          30.             0.       0
 33      0      0      1          30.             5.       0
 34      0      0      1          30.            10.       0
 35      0      0      1          35.            15.       0
 36      0      0      1          40.            15.       0
 37      0      0      1   34.9999237     19.9959526       0
 38      0      0      1   24.9970856     19.9935017       0
 39      0      0      1   35.0013428    -19.9996986       0
 40      0      0      1   29.9982224       19.99617       0
 41      0      0      1   24.9966164     14.9944191       0
 42      0      0      1   25.0007095     9.99685287       0
 43      0      0      1   25.0071468   -0.0040271217      0
 44      0      0      1   25.0049858    -5.00125265       0
 45      0      0      1   25.0029182    -10.0004339       0
 46      0      0      1   25.0043564    -15.0010624       0
 47      0      0      1   30.0049019    -20.0015392       0
 48      0      0      1   25.0024548     4.99865532       0
 49      0      0      1   40.0008812     19.9961548       0
 50      0      0      1   40.0022583    -19.9974937       0
 51      0      0      1   25.0048237    -20.0013733       0
 52      0      0      1   40.0004425     17.4980774       0
 53      0      0      1         42.5            15.       0
 54      0      0      1          45.           17.5       0
 55      0      0      1   42.5004425     19.9980774       0
 56      0      0      1   34.9999619     22.4979763       0
 57      0      0      1         32.5            25.       0
 58      0      0      1   29.9991112      22.498085       0
 59      0      0      1    32.499073     19.9960613       0
 60      0      0      1   22.4985428     19.9967499       0
 61      0      0      1   24.9985428     22.4967499       0
 62      0      0      1         22.5            25.       0
 63      0      0      1          20.           22.5       0
 64      0      0      1   22.4983082     14.9972095       0
 65      0      0      1          20.           12.5       0
 66      0      0      1   22.5003548     9.99842644       0
 67      0      0      1   24.9986629      12.495636       0
 68      0      0      1   30.0024509    -22.5007706       0
 69      0      0      1   27.5048637    -20.0014572       0
 70      0      0      1   25.0024109    -22.5006866       0
 71      1      1      1         27.5           -25.       0
 72      0      0      1   35.0006714    -22.4998493       0
 73      1      1      1         37.5           -25.       0
 74      0      0      1   40.0011292    -22.4987469       0
 75      0      0      1   37.5018005    -19.9985962       0
 76      0      0      1         42.5            25.       0
 77      0      0      1   40.0004425     22.4980774       0
 78      0      0      1          45.           22.5       0
 79      0      0      1    27.497654     19.9948349       0
 80      0      0      1         27.5            25.       0
 81      0      0      1    24.996851     17.4939613       0
 82      0      0      1          20.           17.5       0
 83      0      0      1          30.            2.5       0
 84      0      0      1   27.5012283     4.99932766       0
 85      0      0      1   25.0048008     2.49731421       0
 86      0      0      1   27.5035744   -0.00201356085     0
 87      0      0      1   25.0060654    -2.50263977       0
 88      0      0      1   27.5024929    -5.00062656       0
 89      0      0      1          30.           -2.5       0
 90      0      0      1   22.5024929    -5.00062656       0
 91      0      0      1   22.5035744   -0.00201356085     0
 92      0      0      1          20.           -2.5       0
 93      0      0      1    25.003952    -7.50084305       0
 94      0      0      1   27.5014591    -10.0002174       0
 95      0      0      1          30.           -7.5       0
 96      0      0      1   22.5014591    -10.0002174       0
 97      0      0      1          20.           -7.5       0
 98      0      0      1   22.5021782    -15.0005312       0
 99      0      0      1   25.0036373    -12.5007477       0
100      0      0      1          20.          -12.5       0
101      1      1      1         22.5           -25.       0
102      0      0      1   22.5024109    -20.0006866       0
103      0      0      1          20.          -22.5       0
104      0      0      1   32.5031204     -20.000618       0
105      1      1      1         32.5           -25.       0
106      0      0      1          45.          -22.5       0
107      0      0      1   42.5011292    -19.9987469       0
108      1      1      1         42.5           -25.       0
109      0      0      1         42.5           -15.       0
110      0      0      1   40.0011292    -17.4987469       0
111      0      0      1          45.          -17.5       0
112      0      0      1         32.5           -15.       0
113      0      0      1   30.0024509    -17.5007706       0
114      0      0      1   35.0006714    -17.4998493       0
115      0      0      1   27.5021782    -15.0005312       0
116      0      0      1   25.0045891    -17.5012169       0
117      0      0      1   25.0015831      7.4977541       0
118      0      0      1          30.            7.5       0
119      0      0      1   27.5003548     9.99842644       0
120      0      0      1          30.           12.5       0
121      0      0      1   27.4983082     14.9972095       0
122      0      0      1   29.9991112      17.498085       0
123      0      0      1   37.5004044     19.9960537       0
124      0      0      1   34.9999619     17.4979763       0
125      0      0      1         37.5            15.       0
126      0      0      1         37.5            25.       0
127      0      0      1         37.5           -15.       0
128      0      0      1         32.5            15.       0
129      0      0      1          20.            7.5       0
130      0      0      1   22.5012283     4.99932766       0
131      0      0      1          20.            2.5       0
132      0      0      1          20.          -17.5       0
133      0      0      1          30.          -12.5       0
1    13
8      2    1
120    2    4
34     2    2
118    2    4
33     2    2
83     2    4
32     2    2
89     2    4
31     2    2
95     2    4
30     2    2
133    2    4
7      2    1
3    32    1            	
1   1e5   0.2 7.9  2    2  
 1    49    36     1     9    52    53    54    55   1
 2    37    11    12    40    56    57    58    59   1
 3    14    38    13     3    60    61    62    63   1
 4    41    15    16    42    64    65    66    67   1
 5    24    47    51    23    68    69    70    71   1
 6    39    25    26    50    72    73    74    75   1
 7     2    10    49     9    76    77    55    78   1
 8    38    40    12    13    79    58    80    61   1
 9    15    41    38    14    64    81    60    82   1
10    32    33    48    43    83    84    85    86   1
11    43    44    31    32    87    88    89    86   1
12    19    44    43    18    90    87    91    92   1
13    44    45    30    31    93    94    95    88   1
14    20    45    44    19    96    93    90    97   1
15    21    46    45    20    98    99    96   100   1
16     4    23    51    22   101    70   102   103   1
17    25    39    47    24    72   104    68   105   1
18     5    27    50    26   106   107    74   108   1
19     6    28    50    27   109   110   107   111   1
20    29     7    47    39   112   113   104   114   1
21    51    47     7    46    69   113   115   116   1
22    42    48    33    34   117    84   118   119   1
23    41    42    34     8    67   119   120   121   1
24    38    41     8    40    81   121   122    79   1
25    49    37    35    36   123   124   125    52   1
26    11    37    49    10    56   123    77   126   1
27    28    29    39    50   127   114    75   110   1
28    35    37    40     8   124    59   122   128   1
29    42    16    17    48    66   129   130   117   1
30    48    17    18    43   130   131    91    85   1
31    46    21    22    51    98   132   102   116   1
32     7    30    45    46   133    94    99   115   1