PoreSC
713    1    1    2
1	0	0	1	0.191341631	0.461939802	0
2	0	0	1	0.215255449	0.45129269	0
3	0	0	1	0.226995136	0.44550332	0
4	0	0	1	0.179183878	0.46679025	0
5	0	0	1	0.203368237	0.456772766	0
6	0	0	1	0.196149075	0.474433439	0
7	0	0	1	0.220691864	0.465756001	0
8	0	0	1	0.238579252	0.439408626	0
9	0	0	1	0.233142488	0.459808194	0
10	0	0	1	0.166903329	0.471320781	0
11	0	0	1	0.184924309	0.479175241	0
12	0	0	1	0.208085787	0.470802191	0
13	0	0	1	0.199451737	0.483822499	0
14	0	0	1	0.226794377	0.480452356	0
15	0	0	1	0.142007602	0.479409888	0
16	0	0	1	0.283203001	0.412063175	0
17	0	0	1	0.078217186	0.493844178	0
18	0	0	1	0.103955783	0.489073814	0
19	0	0	1	0.249999875	0.433012774	0
20	0	0	1	0.245348721	0.453662895	0
21	0	0	1	0.239485014	0.474195288	0
22	0	0	1	0.154508411	0.475528286	0
23	0	0	1	0.173259469	0.484723874	0
24	0	0	1	0.192064454	0.490746572	0
25	0	0	1	0.21211585	0.48733092	0
26	0	0	1	0.234264065	0.49360327	0
27	0	0	1	0.129409468	0.482962928	0
28	0	0	1	0.147482758	0.495018322	0
29	0	0	1	0.272319412	0.419335353	0
30	0	0	1	0.293892496	0.404508591	0
31	0	0	1	0.292499003	0.425163387	0
32	0	0	1	0.091117701	0.491627465	0
33	0	0	1	0.065263065	0.495722435	0
34	0	0	1	0.084729417	0.50938707	0
35	0	0	1	0.116722628	0.486184973	0
36	0	0	1	0.110137267	0.50281265	0
37	0	0	1	0.261249171	0.42632015	0
38	0	0	1	0.257464881	0.447186501	0
39	0	0	1	0.252172606	0.468241053	0
40	0	0	1	0.245600623	0.488214385	0
41	0	0	1	0.16072092	0.490137285	0
42	0	0	1	0.240223943	0.502620115	0
43	0	0	1	0.180586077	0.498372979	0
44	0	0	1	0.201779498	0.502053861	0
45	0	0	1	0.224180282	0.502459911	0
46	0	0	1	0.134003729	0.499280719	0
47	0	0	1	0.155205307	0.512038148	0
48	0	0	1	0.281139095	0.432881089	0
49	0	0	1	0.344177163	0.362687304	0
50	0	0	1	0.324723894	0.380203094	0
51	0	0	1	0.30438057	0.396676781	0
52	0	0	1	0.303542432	0.4172117	0
53	0	0	1	0.302142159	0.438492891	0
54	0	0	1	0.095387908	0.505249681	0
55	0	0	1	0.052264214	0.49726095	0
56	0	0	1	0.072575911	0.513119806	0
57	0	0	1	0.092367393	0.525238794	0
58	1	0	1	0	0.5	0
59	0	0	1	0.120822068	0.502365949	0
60	0	0	1	0.111116071	0.514762696	0
61	0	0	1	0.269436669	0.440256816	0
62	0	0	1	0.26506826	0.461831441	0
63	0	0	1	0.258735677	0.483299145	0
64	0	0	1	0.250130781	0.501908439	0
65	0	0	1	0.167697451	0.505302236	0
66	0	0	1	0.236298965	0.51232284	0
67	0	0	1	0.191039101	0.513107488	0
68	0	0	1	0.213890398	0.515068717	0
69	0	0	1	0.140947455	0.517643931	0
70	0	0	1	0.164113292	0.530001206	0
71	0	0	1	0.290356487	0.446794961	0
72	0	0	1	0.353553255	0.353553527	0
73	0	0	1	0.334565183	0.371572521	0
74	0	0	1	0.355509135	0.374770848	0
75	0	0	1	0.314660052	0.388573097	0
76	0	0	1	0.335023654	0.392370195	0
77	0	0	1	0.314290157	0.409043264	0
78	0	0	1	0.313509872	0.430160456	0
79	0	0	1	0.312729597	0.452029085	0
80	0	0	1	0.404508365	0.293892808	0
81	0	0	1	0.039229529	0.498458668	0
82	0	0	1	0.104001348	0.520973304	0
83	0	0	1	0.059616712	0.51643503	0
84	0	0	1	0.080630298	0.530885113	0
85	0	0	1	0.100676004	0.541081313	0
86	0	0	1	0.013088458	0.499828663	0
87	1	0	1	0	0.51521089	0
88	0	0	1	0.1250028	0.520323619	0
89	0	0	1	0.277917877	0.454667048	0
90	0	0	1	0.272803843	0.47734547	0
91	0	0	1	0.264505969	0.499471061	0
92	0	0	1	0.250847458	0.517279375	0
93	0	0	1	0.178393632	0.522515181	0
94	0	0	1	0.228971425	0.527279094	0
95	0	0	1	0.203781987	0.529486528	0
96	0	0	1	0.149513864	0.536796452	0
97	0	0	1	0.175052159	0.549431546	0
98	0	0	1	0.300373616	0.461207773	0
99	0	0	1	0.362687039	0.344177442	0
100	0	0	1	0.365258417	0.365225663	0
101	0	0	1	0.345397132	0.383827651	0
102	0	0	1	0.367410569	0.387127852	0
103	0	0	1	0.324733031	0.400709623	0
104	0	0	1	0.346623513	0.403411235	0
105	0	0	1	0.324805507	0.421683862	0
106	0	0	1	0.324241402	0.443359787	0
107	0	0	1	0.328189642	0.467062682	0
108	0	0	1	0.396676546	0.304380876	0
109	0	0	1	0.412062957	0.283203318	0
110	0	0	1	0.416512423	0.303233721	0
111	0	0	1	0.026167955	0.499314769	0
112	0	0	1	0.045876589	0.519027221	0
113	0	0	1	0.112341062	0.533812004	0
114	0	0	1	0.067784283	0.536267732	0
115	0	0	1	0.089988928	0.548829706	0
116	0	0	1	0.110592833	0.55716513	0
117	0	0	1	0.015924416	0.519447548	0
118	1	0	1	0	0.535656654	0
119	0	0	1	0.135082945	0.543666361	0
120	0	0	1	0.286960092	0.469941663	0
121	0	0	1	0.28063239	0.494510893	0
122	0	0	1	0.26925981	0.518554959	0
123	0	0	1	0.249861923	0.537688836	0
124	0	0	1	0.191731006	0.541186124	0
125	0	0	1	0.221427419	0.547438876	0
126	0	0	1	0.160321546	0.557025486	0
127	0	0	1	0.183269339	0.565203913	0
128	0	0	1	0.312547508	0.476951648	0
129	0	0	1	0.371572263	0.334565469	0
130	0	0	1	0.374658182	0.355420724	0
131	0	0	1	0.377280768	0.376923214	0
132	0	0	1	0.380535454	0.399373325	0
133	0	0	1	0.356561253	0.396748567	0
134	0	0	1	0.335299756	0.412719477	0
135	0	0	1	0.352885564	0.413739581	0
136	0	0	1	0.336388071	0.435144131	0
137	0	0	1	0.3322956	0.45433981	0
138	0	0	1	0.341711129	0.477838053	0
139	0	0	1	0.388572855	0.314660351	0
140	0	0	1	0.408801388	0.313721092	0
141	0	0	1	0.419335143	0.272319734	0
142	0	0	1	0.424319879	0.292812919	0
143	0	0	1	0.428339583	0.312473255	0
144	0	0	1	0.031317415	0.520306353	0
145	0	0	1	0.053501849	0.540807322	0
146	0	0	1	0.121783706	0.550418374	0
147	0	0	1	0.077672099	0.556729471	0
148	0	0	1	0.100823215	0.566391163	0
149	0	0	1	0.118744582	0.569224756	0
150	0	0	1	0.01934512	0.542257435	0
151	1	0	1	0	0.563206432	0
152	0	0	1	0.146882653	0.564710968	0
153	0	0	1	0.296980853	0.486829215	0
154	0	0	1	0.289587647	0.515628875	0
155	0	0	1	0.272581957	0.542312499	0
156	0	0	1	0.245944359	0.563336375	0
157	0	0	1	0.205464856	0.567420754	0
158	0	0	1	0.17254356	0.580212948	0
159	0	0	1	0.327636366	0.494982192	0
160	0	0	1	0.380202844	0.324724186	0
161	0	0	1	0.383806222	0.345394039	0
162	0	0	1	0.386781862	0.366785102	0
163	0	0	1	0.389558434	0.38781531	0
164	0	0	1	0.395527859	0.40796827	0
165	0	0	1	0.368670945	0.412943866	0
166	0	0	1	0.347072201	0.424017269	0
167	0	0	1	0.349881484	0.454115796	0
168	0	0	1	0.363770008	0.494680497	0
169	0	0	1	0.426319949	0.261249499	0
170	0	0	1	0.400909318	0.324359693	0
171	0	0	1	0.421087932	0.32285561	0
172	0	0	1	0.432315383	0.282180948	0
173	0	0	1	0.436335185	0.302666511	0
174	0	0	1	0.439029349	0.320991134	0
175	0	0	1	0.037369727	0.543379327	0
176	0	0	1	0.063220302	0.564343864	0
177	0	0	1	0.131800341	0.567654919	0
178	0	0	1	0.089721721	0.577336547	0
179	0	0	1	0.113085322	0.581547983	0
180	0	0	1	0.021627726	0.571961783	0
181	1	0	1	0	0.600328561	0
182	0	0	1	0.156663656	0.589076707	0
183	0	0	1	0.309544923	0.507632182	0
184	0	0	1	0.298816434	0.541873268	0
185	0	0	1	0.275842255	0.574130031	0
186	0	0	1	0.237813441	0.594397107	0
187	0	0	1	0.193389759	0.600336143	0
188	0	0	1	0.346859752	0.51748102	0
189	0	0	1	0.392597651	0.335004256	0
190	0	0	1	0.396356045	0.356613989	0
191	0	0	1	0.399867017	0.376166689	0
192	0	0	1	0.402030382	0.395744644	0
193	0	0	1	0.408125365	0.412537143	0
194	0	0	1	0.39062813	0.423743535	0
195	0	0	1	0.363215159	0.434629926	0
196	0	0	1	0.376926372	0.469748352	0
197	0	0	1	0.392816463	0.516306198	0
198	0	0	1	0.433012582	0.250000208	0
199	0	0	1	0.445503145	0.226995479	0
200	0	0	1	0.440370895	0.271045181	0
201	0	0	1	0.413658424	0.333995883	0
202	0	0	1	0.433329734	0.330936826	0
203	0	0	1	0.445215841	0.292620876	0
204	0	0	1	0.447055051	0.312842204	0
205	0	0	1	0.446666713	0.327101706	0
206	0	0	1	0.044517476	0.57119995	0
207	0	0	1	0.070312738	0.593453276	0
208	0	0	1	0.137058502	0.591361342	0
209	0	0	1	0.102352934	0.601081533	0
210	0	0	1	0.028298634	0.609543064	0
211	1	0	1	0	0.650349016	0
212	0	0	1	0.170811334	0.621044789	0
213	0	0	1	0.324572908	0.53373532	0
214	0	0	1	0.309361106	0.576951562	0
215	0	0	1	0.274727392	0.613425903	0
216	0	0	1	0.223931747	0.62938395	0
217	0	0	1	0.371785654	0.546666884	0
218	0	0	1	0.405477955	0.345534019	0
219	0	0	1	0.40897585	0.36820308	0
220	0	0	1	0.406744207	0.386010008	0
221	0	0	1	0.417101755	0.403193896	0
222	0	0	1	0.411487674	0.426960136	0
223	0	0	1	0.385786303	0.44499079	0
224	0	0	1	0.407871756	0.484065929	0
225	0	0	1	0.430125033	0.541799332	0
226	0	0	1	0.439408442	0.23857959	0
227	0	0	1	0.448236546	0.259301857	0
228	0	0	1	0.451292524	0.215255796	0
229	0	0	1	0.46138122	0.234501825	0
230	0	0	1	0.454677644	0.281595534	0
231	0	0	1	0.427236811	0.343082395	0
232	0	0	1	0.445572204	0.336381522	0
233	0	0	1	0.45732372	0.304255479	0
234	0	0	1	0.455301015	0.323892522	0
235	0	0	1	0.054045254	0.60527836	0
236	0	0	1	0.090461929	0.608493855	0
237	0	0	1	0.130991423	0.626562172	0
238	0	0	1	0.040594462	0.658624215	0
239	1	0	1	0	0.717749405	0
240	0	0	1	0.199781282	0.663278871	0
241	0	0	1	0.343044388	0.568192278	0
242	0	0	1	0.319270459	0.624102155	0
243	0	0	1	0.265583772	0.66026853	0
244	0	0	1	0.405333007	0.584813221	0
245	0	0	1	0.419123295	0.35609153	0
246	0	0	1	0.422345892	0.38366236	0
247	0	0	1	0.431573375	0.419234558	0
248	0	0	1	0.414064218	0.452056543	0
249	0	0	1	0.446757769	0.499423432	0
250	0	0	1	0.477785905	0.569268576	0
251	0	0	1	0.466790113	0.179184237	0
252	0	0	1	0.45677261	0.203368589	0
253	0	0	1	0.455312543	0.247004047	0
254	0	0	1	0.464351988	0.26929317	0
255	0	0	1	0.467428347	0.222096862	0
256	0	0	1	0.477779431	0.241998376	0
257	0	0	1	0.468924125	0.293789714	0
258	0	0	1	0.442339181	0.350545412	0
259	0	0	1	0.459908066	0.337645904	0
260	0	0	1	0.46816243	0.317808746	0
261	0	0	1	0.489073676	0.103956429	0
262	0	0	1	0.497260971	0.052264009	0
263	0	0	1	0.084506595	0.639229825	0
264	0	0	1	0.162727786	0.692560871	0
265	0	0	1	0.059379991	0.726770353	0
266	1	0	1	0	0.8085685	0
267	0	0	1	0.243273994	0.711221958	0
268	0	0	1	0.371031049	0.618059065	0
269	0	0	1	0.321729844	0.686899855	0
270	0	0	1	0.453608982	0.629038598	0
271	0	0	1	0.43533993	0.366959889	0
272	0	0	1	0.446660786	0.399492958	0
273	0	0	1	0.45456122	0.450900606	0
274	0	0	1	0.494104149	0.517649379	0
275	0	0	1	0.535427402	0.593849744	0
276	0	0	1	0.590397617	0.684282203	0
277	0	0	1	0.471320653	0.166903692	0
278	0	0	1	0.461939654	0.191341986	0
279	0	0	1	0.484180325	0.18320833	0
280	0	0	1	0.473982395	0.209273392	0
281	0	0	1	0.481373251	0.281255951	0
282	0	0	1	0.472428442	0.255539754	0
283	0	0	1	0.484220529	0.229396569	0
284	0	0	1	0.491379977	0.246966015	0
285	0	0	1	0.482560422	0.308716645	0
286	0	0	1	0.460857002	0.355448759	0
287	0	0	1	0.477514182	0.334456537	0
288	0	0	1	0.512714428	0.314891372	0
289	0	0	1	0.479409774	0.142007986	0
290	0	0	1	0.49162737	0.091118217	0
291	0	0	1	0.486184822	0.116723259	0
292	0	0	1	0.505971756	0.104600316	0
293	0	0	1	0.495722434	0.065263073	0
294	0	0	1	0.511321777	0.054356829	0
295	0	0	1	0.498458691	0.039229242	0
296	0	0	1	0.114706689	0.715648924	0
297	0	0	1	0.204591351	0.760257194	0
298	0	0	1	0.078622651	0.818319374	0
299	1	0	1	0	0.930943283	0
300	0	0	1	0.303393753	0.760848418	0
301	0	0	1	0.405657943	0.70078596	0
302	0	0	1	0.518996338	0.664199115	0
303	0	0	1	0.589251001	0.776032992	0
304	0	0	1	0.456594803	0.376766865	0
305	0	0	1	0.475257813	0.414615324	0
306	0	0	1	0.504904025	0.469230918	0
307	0	0	1	0.547684253	0.53456379	0
308	0	0	1	0.599478437	0.612269249	0
309	0	0	1	0.661193817	0.69752604	0
310	0	0	1	0.475528167	0.154508777	0
311	0	0	1	0.488603649	0.170479991	0
312	0	0	1	0.479549034	0.196167243	0
313	0	0	1	0.501609488	0.186832385	0
314	0	0	1	0.492200979	0.215597113	0
315	0	0	1	0.497692498	0.296715039	0
316	0	0	1	0.494889462	0.263747468	0
317	0	0	1	0.500167658	0.238457328	0
318	0	0	1	0.495958585	0.326656078	0
319	0	0	1	0.483627732	0.356340532	0
320	0	0	1	0.524257664	0.32975725	0
321	0	0	1	0.531381254	0.303448489	0
322	0	0	1	0.482962791	0.129409978	0
323	0	0	1	0.497324675	0.144626537	0
324	0	0	1	0.493844134	0.078217461	0
325	0	0	1	0.507031106	0.092117155	0
326	0	0	1	0.503937635	0.117855465	0
327	0	0	1	0.523650002	0.104630009	0
328	0	0	1	0.509814271	0.066631527	0
329	0	0	1	0.525106067	0.055698235	0
330	0	0	1	0.513364484	0.041926741	0
331	0	0	1	0.499314781	0.026167727	0
332	0	0	1	0.148992439	0.799550788	0
333	0	0	1	0.263944043	0.836747612	0
334	0	0	1	0.106323198	0.939760305	0
335	1	0	1	0	1.095837984	0
336	0	0	1	0.668499625	0.787939519	0
337	0	0	1	0.382775879	0.812368734	0
338	0	0	1	0.501713051	0.754846732	0
339	0	0	1	0.599055946	0.87974894	0
340	0	0	1	0.483451032	0.383705544	0
341	0	0	1	0.513381602	0.426150396	0
342	0	0	1	0.554900399	0.480953953	0
343	0	0	1	0.606599589	0.547462282	0
344	0	0	1	0.66681403	0.625913282	0
345	0	0	1	0.739628476	0.719199968	0
346	0	0	1	0.493071503	0.157681758	0
347	0	0	1	0.505764579	0.174156758	0
348	0	0	1	0.498458277	0.200640189	0
349	0	0	1	0.516074763	0.188162678	0
350	0	0	1	0.511815012	0.223770076	0
351	0	0	1	0.514748771	0.283561326	0
352	0	0	1	0.515168518	0.251872475	0
353	0	0	1	0.515749863	0.351196142	0
354	0	0	1	0.543842656	0.325692503	0
355	0	0	1	0.553555514	0.290352233	0
356	0	0	1	0.501039404	0.131291316	0
357	0	0	1	0.515794497	0.147475326	0
358	0	0	1	0.508516969	0.079199473	0
359	0	0	1	0.524066854	0.091319438	0
360	0	0	1	0.522608144	0.11868608	0
361	0	0	1	0.541896158	0.10350194	0
362	0	0	1	0.524348694	0.066583663	0
363	0	0	1	0.535528293	0.057429461	0
364	0	0	1	0.52830127	0.044859531	0
365	0	0	1	0.515597674	0.028695114	0
366	0	0	1	0.499828665	0.01308837	0
367	0	0	1	0.722213513	0.775837895	0
368	0	0	1	0.200172693	0.905196853	0
369	0	0	1	0.332535768	0.931031395	0
370	0	0	1	0.141121723	1.105089649	0
371	1	0	1	0	1.318026428	0
372	0	0	1	0.692417022	0.874274115	0
373	0	0	1	0.486618181	0.883018347	0
374	0	0	1	0.615378508	0.969634501	0
375	0	0	1	0.516888874	0.387864335	0
376	0	0	1	0.557640389	0.43272296	0
377	0	0	1	0.609305877	0.488206623	0
378	0	0	1	0.670819308	0.556654365	0
379	0	0	1	0.738974596	0.641517531	0
380	0	0	1	0.804821357	0.749453778	0
381	0	0	1	0.510853947	0.16112889	0
382	0	0	1	0.522404949	0.178818646	0
383	0	0	1	0.523204167	0.203117689	0
384	0	0	1	0.531604108	0.236516467	0
385	0	0	1	0.53405803	0.269443578	0
386	0	0	1	0.578155766	0.273771501	0
387	0	0	1	0.550851179	0.353548733	0
388	0	0	1	0.571497763	0.315768716	0
389	0	0	1	0.52001123	0.133236232	0
390	0	0	1	0.535727708	0.146700155	0
391	0	0	1	0.524363553	0.078599854	0
392	0	0	1	0.540892078	0.090055879	0
393	0	0	1	0.543024177	0.118879674	0
394	0	0	1	0.561243938	0.09990434	0
395	0	0	1	0.538546141	0.064993174	0
396	0	0	1	0.542149515	0.049684213	0
397	0	0	1	0.533004395	0.031821745	0
398	0	0	1	0.516806217	0.014578613	0
399	0	1	1	0.5	0	0
400	0	0	1	0.77233821	0.829443154	0
401	0	0	1	0.419106057	0.953464453	0
402	0	0	1	0.28262409	1.032248027	0
403	0	0	1	0.173190485	1.324805174	0
404	1	0	1	0	1.617415392	0
405	1	0	1	0	4	0
406	0	0	1	0.900710133	1.08930385	0
407	0	0	1	0.718040663	1.014143981	0
408	0	0	1	0.54398213	1.014697881	0
409	0	0	1	0.979862015	0.881144456	0
410	0	0	1	0.902704414	0.783415586	0
411	0	0	1	0.555880109	0.389977898	0
412	0	0	1	0.606746929	0.434553194	0
413	0	0	1	0.669666438	0.491093427	0
414	0	0	1	0.741511087	0.56373319	0
415	0	0	1	0.815478476	0.655824992	0
416	0	0	1	0.528981261	0.164926699	0
417	0	0	1	0.540931225	0.185955636	0
418	0	0	1	0.549662128	0.217346194	0
419	0	0	1	0.55536072	0.253074023	0
420	0	0	1	0.606627304	0.252059379	0
421	0	0	1	0.602595301	0.300199958	0
422	0	0	1	0.586840545	0.347705815	0
423	0	0	1	0.541473053	0.133450151	0
424	0	0	1	0.54975764	0.154215523	0
425	0	0	1	0.540910487	0.076612225	0
426	0	0	1	0.554747983	0.089629524	0
427	0	0	1	0.566530216	0.116344515	0
428	0	0	1	0.580498499	0.093029808	0
429	0	0	1	0.553635313	0.059305507	0
430	0	0	1	0.55165262	0.037296772	0
431	0	0	1	0.536375616	0.01663822	0
432	0	1	1	0.515190201	0	0
433	0	0	1	0.880769534	0.935543373	0
434	0	0	1	0.448123049	1.058161142	0
435	0	0	1	0.341396399	1.28479582	0
436	0	0	1	0.208467338	1.594575496	0
437	0	0	1	0.4	4	0
438	1	0	1	0	1.989920108	0
439	1	0	1	0	3.597978699	0
440	0	0	1	0.987664525	1.128238222	0
441	0	0	1	0.810814729	1.158367409	0
442	0	0	1	0.615975174	1.140437052	0
443	0	0	1	1.044644901	0.923302352	0
444	0	0	1	0.987706417	0.79591182	0
445	0	0	1	0.903821549	0.673629313	0
446	0	0	1	0.598957079	0.387394308	0
447	0	0	1	0.661804873	0.430890228	0
448	0	0	1	0.73807669	0.490099794	0
449	0	0	1	0.821203193	0.570546628	0
450	0	0	1	0.550772785	0.168304063	0
451	0	0	1	0.566836036	0.194748515	0
452	0	0	1	0.577455968	0.232406744	0
453	0	0	1	0.631711014	0.22487577	0
454	0	0	1	0.63867147	0.277557087	0
455	0	0	1	0.626289973	0.334440314	0
456	0	0	1	0.566965323	0.141940871	0
457	0	0	1	0.56245238	0.075870682	0
458	0	0	1	0.592832301	0.106525226	0
459	0	0	1	0.594041836	0.079111466	0
460	0	0	1	0.571100448	0.047441425	0
461	0	0	1	0.560058046	0.020336831	0
462	0	1	1	0.535613588	0	0
463	0	0	1	1.017960054	1.004470348	0
464	0	0	1	1.6	4	0
465	0	0	1	0.492961522	1.224729817	0
466	0	0	1	0.405891384	1.522914047	0
467	0	0	1	0.8	4	0
468	0	0	1	0.254183157	1.911148595	0
469	0	0	1	0.407441423	3.548597264	0
470	1	0	1	0	2.391914798	0
471	1	0	1	0	3.195957399	0
472	0	0	1	1.095361766	1.183547914	0
473	0	0	1	0.937356317	1.279229483	0
474	0	0	1	0.716130915	1.292711427	0
475	0	0	1	1.14003356	0.945939206	0
476	0	0	1	1.079109638	0.813324516	0
477	0	0	1	1.002109502	0.691229275	0
478	0	0	1	0.912465599	0.57838244	0
479	0	0	1	0.646894861	0.378075598	0
480	0	0	1	0.725433984	0.420949928	0
481	0	0	1	0.817609907	0.486515932	0
482	0	0	1	0.576361256	0.168354096	0
483	0	0	1	0.598669232	0.20705249	0
484	0	0	1	0.64720878	0.197201906	0
485	0	0	1	0.671397062	0.245388656	0
486	0	0	1	0.672905812	0.312647064	0
487	0	0	1	0.609270244	0.132165028	0
488	0	0	1	0.587538089	0.061968351	0
489	0	0	1	0.616358828	0.0862149	0
490	0	0	1	0.591916859	0.023670391	0
491	0	1	1	0.563127927	0	0
492	0	0	1	2	4	0
493	0	0	1	1.114782215	1.05919257	0
494	0	0	1	1.2	4	0
495	0	0	1	1.684306381	3.530395239	0
496	0	0	1	0.579334277	1.418814166	0
497	0	0	1	0.494285929	1.791615958	0
498	0	0	1	0.831750075	3.50362604	0
499	0	0	1	0.310209029	2.26888326	0
500	0	0	1	0.39942546	3.098439237	0
501	1	0	1	0	2.793936098	0
502	0	0	1	1.200504158	1.222135334	0
503	0	0	1	1.073831485	1.348305932	0
504	0	0	1	0.83822695	1.47706141	0
505	0	0	1	1.236283337	0.988623081	0
506	0	0	1	1.180213926	0.85036609	0
507	0	0	1	1.108846372	0.714826923	0
508	0	0	1	1.01692261	0.5893528	0
509	0	0	1	0.911466604	0.483088868	0
510	0	0	1	0.703828991	0.360775563	0
511	0	0	1	0.802171331	0.404127485	0
512	0	0	1	0.626006857	0.169656105	0
513	0	0	1	0.690950017	0.197563633	0
514	0	0	1	0.722008774	0.276744098	0
515	0	0	1	0.650960848	0.109315729	0
516	0	0	1	0.621100986	0.047750603	0
517	0	1	1	0.600195177	0	0
518	0	0	1	2.4	4	0
519	0	0	1	2.078244688	3.575445309	0
520	0	0	1	1.208568286	1.091870626	0
521	0	0	1	1.271489086	1.201431385	0
522	0	0	1	1.269552552	3.488814547	0
523	0	0	1	1.802801672	3.089370436	0
524	0	0	1	0.706817775	1.637369388	0
525	0	0	1	0.622580213	2.111447009	0
526	0	0	1	0.837188467	2.991410434	0
527	0	0	1	0.364167675	2.664693988	0
528	0	0	1	1.221915039	1.329351698	0
529	0	0	1	1.063610523	1.623302689	0
530	0	0	1	1.325792803	1.034973506	0
531	0	0	1	1.282674012	0.896947095	0
532	0	0	1	1.222708554	0.750300445	0
533	0	0	1	1.135377946	0.607938551	0
534	0	0	1	1.026365327	0.48470245	0
535	0	0	1	0.902062839	0.387008431	0
536	0	0	1	0.773178408	0.329996605	0
537	0	0	1	0.683762884	0.152849299	0
538	0	0	1	0.76410819	0.216684687	0
539	0	0	1	0.691376613	0.066034685	0
540	0	1	1	0.65013209	0	0
541	0	0	1	2.8	4	0
542	0	0	1	2.464964238	3.599190852	0
543	0	0	1	2.161389905	3.174449715	0
544	0	0	1	1.956615056	2.746847664	0
545	0	0	1	1.295768207	1.13159936	0
546	0	0	1	1.320438759	1.269742596	0
547	0	0	1	1.374893773	2.879396017	0
548	0	0	1	0.851676175	1.939451411	0
549	0	0	1	0.761957189	2.503500556	0
550	0	0	1	1.289937637	1.490446031	0
551	0	0	1	1.265189156	1.807158582	0
552	0	0	1	1.418100878	1.101530917	0
553	0	0	1	1.378866259	0.952467289	0
554	0	0	1	1.338968192	0.800538602	0
555	0	0	1	1.266794725	0.640206801	0
556	0	0	1	1.157803843	0.492348225	0
557	0	0	1	1.018608494	0.375248422	0
558	0	0	1	0.874091621	0.272601286	0
559	0	0	1	0.764400862	0.114897397	0
560	0	1	1	0.717406979	0	0
561	0	0	1	4	4	0
562	0	0	1	3.2	4	0
563	0	0	1	2.854242588	3.609735733	0
564	0	0	1	2.526366849	3.210988136	0
565	0	0	1	2.239319646	2.821701126	0
566	0	0	1	1.701810031	2.565458591	0
567	0	0	1	2.069088939	2.540443192	0
568	0	0	1	1.377412269	1.185645515	0
569	0	0	1	1.487087879	1.149291539	0
570	0	0	1	1.415780814	1.366559091	0
571	0	0	1	1.242075219	2.206406238	0
572	0	0	1	1.451954225	1.719790645	0
573	0	0	1	1.471427465	1.028455225	0
574	0	0	1	1.453145506	0.873198858	0
575	0	0	1	1.405898954	0.692259953	0
576	0	0	1	1.313925139	0.517173979	0
577	0	0	1	1.15906505	0.361776754	0
578	0	0	1	1.000420891	0.298471759	0
579	0	0	1	0.918701192	0.141346018	0
580	0	1	1	0.808039574	0	0
581	0	0	1	4.4	4	0
582	0	0	1	3.6	4	0
583	0	0	1	4.037925024	3.616169229	0
584	0	0	1	3.247612168	3.614311775	0
585	0	0	1	2.904096636	3.2244866	0
586	0	0	1	2.574112386	2.842836358	0
587	0	0	1	1.616822553	2.304459814	0
588	0	0	1	2.28008387	2.520802553	0
589	0	0	1	1.970703876	2.359211919	0
590	0	0	1	1.564082783	1.105805303	0
591	0	0	1	1.483273125	1.247279161	0
592	0	0	1	1.57218933	1.479671598	0
593	0	0	1	1.623254963	1.935895268	0
594	0	0	1	1.548322193	0.962305046	0
595	0	0	1	1.5422147	0.771008341	0
596	0	0	1	1.486933676	0.566609486	0
597	0	0	1	1.342939255	0.369462687	0
598	0	0	1	1.101355989	0.198370762	0
599	0	1	1	0.930139708	0	0
600	0	0	1	4.8	4	0
601	0	0	1	4.432053698	3.615142753	0
602	0	0	1	3.64269939	3.615861177	0
603	0	0	1	4.076131532	3.23311514	0
604	0	0	1	3.292219795	3.229524731	0
605	0	0	1	2.942649714	2.844467719	0
606	0	0	1	2.59008772	2.490171684	0
607	0	0	1	1.602037822	1.046109936	0
608	0	0	1	1.809700664	2.11706684	0
609	0	0	1	2.240593573	2.227043158	0
610	0	0	1	1.652505291	1.238906039	0
611	0	0	1	1.806268826	1.627407251	0
612	0	0	1	1.665213637	0.894561627	0
613	0	0	1	1.668341027	0.65226079	0
614	0	0	1	1.558901027	0.406685768	0
615	0	0	1	1.345789962	0.194539626	0
616	0	1	1	1.094632726	0	0
617	0	0	1	5.2	4	0
618	0	0	1	4.82475583	3.612624133	0
619	0	0	1	4.464967908	3.231608902	0
620	0	0	1	3.684564598	3.232067439	0
621	0	0	1	4.114360366	2.849962853	0
622	0	0	1	3.331097272	2.843553141	0
623	0	0	1	2.959789597	2.462062569	0
624	0	0	1	2.56346584	2.144514073	0
625	0	0	1	1.726534221	1.050205107	0
626	0	0	1	2.147273621	1.782245054	0
627	0	0	1	1.937615133	1.318903116	0
628	0	0	1	1.842901094	0.794438752	0
629	0	0	1	1.797705614	0.47981199	0
630	0	0	1	1.60788543	0.213559299	0
631	0	1	1	1.316237441	0	0
632	0	0	1	5.6	4	0
633	0	0	1	5.216619395	3.608962728	0
634	0	0	1	4.849622338	3.226160459	0
635	0	0	1	4.497010205	2.849265101	0
636	0	0	1	3.725069862	2.846194079	0
637	0	0	1	4.155495937	2.468076727	0
638	0	0	1	3.361938066	2.447355711	0
639	0	0	1	2.938715523	2.056426221	0
640	0	0	1	2.504106979	1.863679606	0
641	0	0	1	1.957858799	1.017642175	0
642	0	0	1	2.313455699	1.396484896	0
643	0	0	1	2.058965254	0.612083935	0
644	0	0	1	1.90796837	0.254667505	0
645	0	1	1	1.61478288	0	0
646	0	0	1	6	4	0
647	0	0	1	5.608240692	3.6046166	0
648	0	0	1	5.233128799	3.218513608	0
649	0	0	1	4.872898699	2.841048363	0
650	0	0	1	4.525332284	2.470087443	0
651	0	0	1	3.767389664	2.453174401	0
652	0	0	1	4.190703492	2.09089751	0
653	0	0	1	3.383925532	2.016920889	0
654	0	0	1	2.810952611	1.567412215	0
655	0	0	1	2.378069374	0.885512605	0
656	0	0	1	2.242934623	0.325213309	0
657	0	1	1	1.986954575	0	0
658	0	0	1	6	3.6	0
659	0	0	1	5.616288028	3.209487936	0
660	0	0	1	5.247772388	2.82878972	0
661	0	0	1	4.89122164	2.458241348	0
662	0	0	1	4.541527149	2.101642023	0
663	0	0	1	3.820116892	2.036202359	0
664	0	0	1	4.238190982	1.805860891	0
665	0	0	1	3.408914867	1.528883305	0
666	0	0	1	2.933393113	0.971801916	0
667	0	0	1	2.624443749	0.413842517	0
668	0	1	1	2.388232185	0	0
669	0	0	1	6	3.2	0
670	0	0	1	5.623149146	2.81460547	0
671	0	0	1	5.257993005	2.439785265	0
672	0	0	1	4.896212893	2.078220558	0
673	0	0	1	4.515450542	1.747057938	0
674	0	0	1	3.977091451	1.548694238	0
675	0	0	1	3.453484498	0.999869607	0
676	0	0	1	3.062720919	0.468549623	0
677	0	1	1	2.78953972	0	0
678	0	0	1	6	2.8	0
679	0	0	1	5.627901218	2.419884733	0
680	0	0	1	5.261452882	2.050880036	0
681	0	0	1	4.883105845	1.697571729	0
682	0	0	1	4.446911914	1.37253715	0
683	0	0	1	3.950198352	0.985565257	0
684	0	0	1	3.518071442	0.488652028	0
685	0	1	1	3.190847255	0	0
686	0	0	1	6	2.4	0
687	0	0	1	5.629563533	2.024715858	0
688	0	0	1	5.253616953	1.65864189	0
689	0	0	1	4.853993306	1.302279298	0
690	0	0	1	4.405266329	0.931991869	0
691	0	0	1	3.963435065	0.48456067	0
692	0	1	1	3.59215479	0	0
693	0	0	1	6	2	0
694	0	0	1	5.626042369	1.627515645	0
695	0	0	1	5.239035604	1.258405049	0
696	0	0	1	4.823690565	0.881526497	0
697	0	0	1	4.392313177	0.465546513	0
698	0	1	1	3.993462325	0	0
699	0	0	1	6	1.6	0
700	0	0	1	5.619605824	1.226720973	0
701	0	0	1	5.222721875	0.846820837	0
702	0	0	1	4.805331889	0.44359175	0
703	0	1	1	4.39476986	0	0
704	0	0	1	6	1.2	0
705	0	0	1	5.612049053	0.821266939	0
706	0	0	1	5.207746902	0.425591228	0
707	0	1	1	4.796077395	0	0
708	0	0	1	6	0.8	0
709	0	0	1	5.604723254	0.411712209	0
710	0	1	1	5.19738493	0	0
711	0	0	1	6	0.4	0
712	0	1	1	5.598692465	0	0
713	0	1	1	6	0	0
    1   11
646	1	0.2
658	1	0.4
669	1	0.4
678	1	0.4
686	1	0.4
693	1	0.4
699	1	0.4
704	1	0.4
708	1	0.4
711	1	0.4
713	1	0.2
    2   650   1
    1   1e5   0.2   1   4
1	2	3	7	9	1
2	11	4	6	1	1
3	6	1	12	5	1
4	5	2	12	7	1
5	3	8	9	20	1
6	7	9	14	21	1
7	4	11	10	23	1
8	13	24	6	11	1
9	12	7	25	14	1
10	13	6	25	12	1
11	8	19	20	38	1
12	9	20	21	39	1
13	26	14	40	21	1
14	22	41	15	28	1
15	10	23	22	41	1
16	11	24	23	43	1
17	13	25	24	44	1
18	26	45	14	25	1
19	15	28	27	46	1
20	16	31	29	48	1
21	30	52	16	31	1
22	32	54	17	34	1
23	18	36	32	54	1
24	17	34	33	56	1
25	36	18	59	35	1
26	27	46	35	59	1
27	19	37	38	61	1
28	37	29	61	48	1
29	20	38	39	62	1
30	40	21	63	39	1
31	42	26	64	40	1
32	41	65	28	47	1
33	23	43	41	65	1
34	42	66	26	45	1
35	24	44	43	67	1
36	45	68	25	44	1
37	28	47	46	69	1
38	31	53	48	71	1
39	51	77	30	52	1
40	52	78	31	53	1
41	54	82	34	57	1
42	60	82	36	54	1
43	33	56	55	83	1
44	34	57	56	84	1
45	46	69	59	88	1
46	60	36	88	59	1
47	61	48	89	71	1
48	38	61	62	89	1
49	39	62	63	90	1
50	64	40	91	63	1
51	42	64	66	92	1
52	65	93	47	70	1
53	43	67	65	93	1
54	66	94	45	68	1
55	68	95	44	67	1
56	47	70	69	96	1
57	53	79	71	98	1
58	49	72	74	100	1
59	50	73	76	101	1
60	73	49	101	74	1
61	75	103	51	77	1
62	103	75	76	50	1
63	77	105	52	78	1
64	78	106	53	79	1
65	55	83	81	112	1
66	82	113	57	85	1
67	60	88	82	113	1
68	56	84	83	114	1
69	85	115	57	84	1
70	87	58	117	86	1
71	69	96	88	119	1
72	71	98	89	120	1
73	62	89	90	120	1
74	63	90	91	121	1
75	64	91	92	122	1
76	92	123	66	94	1
77	93	124	70	97	1
78	95	124	67	93	1
79	94	125	68	95	1
80	70	97	96	126	1
81	79	107	98	128	1
82	99	130	72	100	1
83	100	131	74	102	1
84	104	76	133	101	1
85	74	102	101	133	1
86	76	104	103	134	1
87	103	134	77	105	1
88	106	78	136	105	1
89	137	107	106	79	1
90	110	140	80	108	1
91	80	109	110	142	1
92	111	144	86	117	1
93	81	112	111	144	1
94	83	114	112	145	1
95	113	88	146	119	1
96	146	116	113	85	1
97	115	147	84	114	1
98	116	148	85	115	1
99	117	150	87	118	1
100	96	126	119	152	1
101	98	128	120	153	1
102	90	120	121	153	1
103	121	154	91	122	1
104	122	155	92	123	1
105	123	156	94	125	1
106	127	97	157	124	1
107	124	95	157	125	1
108	127	158	97	126	1
109	107	138	128	159	1
110	129	161	99	130	1
111	130	162	100	131	1
112	163	132	131	102	1
113	135	104	165	133	1
114	102	132	133	165	1
115	135	166	104	134	1
116	134	166	105	136	1
117	137	106	167	136	1
118	107	137	138	167	1
119	140	170	108	139	1
120	143	171	110	140	1
121	109	141	142	172	1
122	143	110	173	142	1
123	112	145	144	175	1
124	144	175	117	150	1
125	114	147	145	176	1
126	177	146	152	119	1
127	149	116	177	146	1
128	148	178	115	147	1
129	149	179	116	148	1
130	150	180	118	151	1
131	152	126	182	158	1
132	128	159	153	183	1
133	153	183	121	154	1
134	154	184	122	155	1
135	155	185	123	156	1
136	156	186	125	157	1
137	127	157	158	187	1
138	159	138	188	168	1
139	139	170	160	189	1
140	160	189	129	161	1
141	130	161	162	190	1
142	162	191	131	163	1
143	163	192	132	164	1
144	164	194	132	165	1
145	136	166	167	195	1
146	135	165	166	195	1
147	138	167	168	196	1
148	141	169	172	200	1
149	171	201	140	170	1
150	174	202	143	171	1
151	142	172	173	203	1
152	174	143	204	173	1
153	175	206	150	180	1
154	145	176	175	206	1
155	176	147	207	178	1
156	152	182	177	208	1
157	149	177	179	208	1
158	179	209	148	178	1
159	180	210	151	181	1
160	158	187	182	212	1
161	159	188	183	213	1
162	183	213	154	184	1
163	184	214	155	185	1
164	185	215	156	186	1
165	187	157	216	186	1
166	188	168	217	197	1
167	201	218	170	189	1
168	161	189	190	218	1
169	191	162	219	190	1
170	220	192	191	163	1
171	193	164	221	192	1
172	193	222	164	194	1
173	194	223	165	195	1
174	195	223	167	196	1
175	168	196	197	224	1
176	169	198	200	227	1
177	172	200	203	230	1
178	202	231	171	201	1
179	205	232	174	202	1
180	204	173	233	203	1
181	205	174	234	204	1
182	206	235	180	210	1
183	207	235	176	206	1
184	236	207	209	178	1
185	209	179	237	208	1
186	182	212	208	237	1
187	210	238	181	211	1
188	216	240	187	212	1
189	213	188	241	217	1
190	213	241	184	214	1
191	214	242	185	215	1
192	215	243	186	216	1
193	217	197	244	225	1
194	218	201	245	231	1
195	190	218	219	245	1
196	220	191	246	219	1
197	220	246	192	221	1
198	193	221	222	247	1
199	222	248	194	223	1
200	223	248	196	224	1
201	197	224	225	249	1
202	199	229	226	253	1
203	198	226	227	253	1
204	200	227	230	254	1
205	228	255	199	229	1
206	233	203	257	230	1
207	232	258	202	231	1
208	205	234	232	259	1
209	234	204	260	233	1
210	235	263	210	238	1
211	236	263	207	235	1
212	236	209	263	237	1
213	212	240	237	264	1
214	238	265	211	239	1
215	243	267	216	240	1
216	241	217	268	244	1
217	241	268	214	242	1
218	242	269	215	243	1
219	244	225	270	250	1
220	219	245	246	271	1
221	231	258	245	271	1
222	221	246	247	272	1
223	222	247	248	273	1
224	248	273	224	249	1
225	225	249	250	274	1
226	252	280	228	255	1
227	257	230	281	254	1
228	253	282	227	254	1
229	256	282	229	253	1
230	256	229	283	255	1
231	260	233	285	257	1
232	259	286	232	258	1
233	259	234	287	260	1
234	238	263	265	296	1
235	237	264	263	296	1
236	267	297	240	264	1
237	265	298	239	266	1
238	267	243	300	269	1
239	268	244	301	270	1
240	268	301	242	269	1
241	275	302	250	270	1
242	258	286	271	304	1
243	271	304	246	272	1
244	247	272	273	305	1
245	249	273	274	306	1
246	307	275	274	250	1
247	308	276	275	302	1
248	277	311	251	279	1
249	251	279	278	312	1
250	278	312	252	280	1
251	280	314	255	283	1
252	285	257	315	281	1
253	282	316	254	281	1
254	284	316	256	282	1
255	284	256	317	283	1
256	318	285	288	315	1
257	287	260	318	285	1
258	259	287	286	319	1
259	290	325	261	292	1
260	261	292	291	326	1
261	294	328	262	293	1
262	262	295	294	330	1
263	296	332	265	298	1
264	264	297	296	332	1
265	297	267	333	300	1
266	298	334	266	299	1
267	309	336	276	303	1
268	300	269	337	301	1
269	302	338	270	301	1
270	276	303	302	338	1
271	286	319	304	340	1
272	304	340	272	305	1
273	305	341	273	306	1
274	342	307	306	274	1
275	343	308	307	275	1
276	344	309	308	276	1
277	289	323	310	346	1
278	310	346	277	311	1
279	311	347	279	313	1
280	279	313	312	348	1
281	312	348	280	314	1
282	317	283	350	314	1
283	315	281	351	316	1
284	288	315	321	351	1
285	284	317	316	352	1
286	318	353	287	319	1
287	320	353	288	318	1
288	320	288	354	321	1
289	291	326	322	356	1
290	322	356	289	323	1
291	293	328	324	358	1
292	324	358	290	325	1
293	325	359	292	327	1
294	292	327	326	360	1
295	362	328	329	294	1
296	329	294	364	330	1
297	295	331	330	365	1
298	367	336	345	309	1
299	332	368	298	334	1
300	332	297	368	333	1
301	333	300	369	337	1
302	334	370	299	335	1
303	336	372	303	339	1
304	338	373	301	337	1
305	303	339	338	373	1
306	319	353	340	375	1
307	340	375	305	341	1
308	376	342	341	306	1
309	377	343	342	307	1
310	308	343	344	378	1
311	379	345	344	309	1
312	323	357	346	381	1
313	347	311	381	346	1
314	349	313	382	347	1
315	349	383	313	348	1
316	348	383	314	350	1
317	350	384	317	352	1
318	352	385	316	351	1
319	321	351	355	385	1
320	320	354	353	387	1
321	354	321	388	355	1
322	356	389	323	357	1
323	326	360	356	389	1
324	328	362	358	391	1
325	358	391	325	359	1
326	359	392	327	361	1
327	327	361	360	393	1
328	363	395	329	362	1
329	363	329	396	364	1
330	364	330	397	365	1
331	331	366	365	398	1
332	367	400	336	372	1
333	367	345	400	380	1
334	401	369	373	337	1
335	368	402	334	370	1
336	369	402	333	368	1
337	370	403	335	371	1
338	374	339	407	372	1
339	374	408	339	373	1
340	387	411	353	375	1
341	411	376	375	341	1
342	412	377	376	342	1
343	343	377	378	413	1
344	344	378	379	414	1
345	345	379	380	415	1
346	357	390	381	416	1
347	382	347	416	381	1
348	349	382	383	417	1
349	384	350	418	383	1
350	384	419	352	385	1
351	419	386	385	355	1
352	386	421	355	388	1
353	388	422	354	387	1
354	390	357	423	389	1
355	360	393	389	423	1
356	362	395	391	425	1
357	391	425	359	392	1
358	426	394	392	361	1
359	394	427	361	393	1
360	363	396	395	429	1
361	396	364	430	397	1
362	365	398	397	431	1
363	432	398	399	366	1
364	400	380	433	410	1
365	372	400	407	433	1
366	401	434	369	402	1
367	401	373	434	408	1
368	370	402	403	435	1
369	403	436	371	404	1
370	406	441	433	407	1
371	374	407	408	442	1
372	409	433	444	410	1
373	380	415	410	445	1
374	422	446	387	411	1
375	446	412	411	376	1
376	377	412	413	447	1
377	378	413	414	448	1
378	379	414	415	449	1
379	416	450	382	417	1
380	424	450	390	416	1
381	417	451	383	418	1
382	418	452	384	419	1
383	452	420	419	386	1
384	420	454	386	421	1
385	421	455	388	422	1
386	423	393	456	427	1
387	424	390	456	423	1
388	425	395	457	429	1
389	426	392	457	425	1
390	426	457	394	428	1
391	428	458	394	427	1
392	429	396	460	430	1
393	430	397	461	431	1
394	398	432	431	462	1
395	409	443	433	463	1
396	406	433	440	463	1
397	434	465	402	435	1
398	434	408	465	442	1
399	403	435	436	466	1
400	468	438	436	404	1
401	439	469	405	437	1
402	406	440	441	473	1
403	441	474	407	442	1
404	409	444	443	476	1
405	410	445	444	477	1
406	415	449	445	478	1
407	455	479	422	446	1
408	412	446	447	479	1
409	413	447	448	480	1
410	414	448	449	481	1
411	450	482	417	451	1
412	424	456	450	482	1
413	451	483	418	452	1
414	483	453	452	420	1
415	453	485	420	454	1
416	454	486	421	455	1
417	427	458	456	487	1
418	460	488	429	457	1
419	459	428	488	457	1
420	459	489	428	458	1
421	461	490	430	460	1
422	431	462	461	491	1
423	463	443	493	475	1
424	493	472	463	440	1
425	496	466	465	435	1
426	465	442	496	474	1
427	436	466	468	497	1
428	469	498	437	467	1
429	438	468	470	499	1
430	471	500	439	469	1
431	472	503	440	473	1
432	474	441	504	473	1
433	475	443	506	476	1
434	476	444	507	477	1
435	445	478	477	508	1
436	449	481	478	509	1
437	479	455	510	486	1
438	447	479	480	510	1
439	448	480	481	511	1
440	482	456	512	487	1
441	482	512	451	483	1
442	484	453	512	483	1
443	484	513	453	485	1
444	485	514	454	486	1
445	489	515	458	487	1
446	488	460	516	490	1
447	459	488	489	516	1
448	490	461	517	491	1
449	492	464	519	495	1
450	505	520	475	493	1
451	520	502	493	472	1
452	494	467	522	498	1
453	464	494	495	522	1
454	466	496	497	524	1
455	504	524	474	496	1
456	468	497	499	525	1
457	500	526	469	498	1
458	501	527	471	500	1
459	470	499	501	527	1
460	502	528	472	503	1
461	503	529	473	504	1
462	505	475	531	506	1
463	476	507	506	532	1
464	477	508	507	533	1
465	478	509	508	534	1
466	481	511	509	535	1
467	510	486	536	514	1
468	480	510	511	536	1
469	515	537	487	512	1
470	484	512	513	537	1
471	485	513	514	538	1
472	489	516	515	539	1
473	490	517	516	540	1
474	518	492	542	519	1
475	519	495	543	523	1
476	530	545	505	520	1
477	521	502	545	520	1
478	521	546	502	528	1
479	526	547	498	522	1
480	523	495	547	522	1
481	497	524	525	548	1
482	524	504	548	529	1
483	499	525	527	549	1
484	527	549	500	526	1
485	528	550	503	529	1
486	530	505	553	531	1
487	531	506	554	532	1
488	532	507	555	533	1
489	508	534	533	556	1
490	509	535	534	557	1
491	536	514	558	538	1
492	511	536	535	558	1
493	537	515	559	539	1
494	513	537	538	559	1
495	540	560	516	539	1
496	541	518	563	542	1
497	543	564	519	542	1
498	544	565	523	543	1
499	544	523	566	547	1
500	545	530	568	552	1
501	521	545	546	568	1
502	546	570	528	550	1
503	548	571	525	549	1
504	549	571	526	547	1
505	551	571	529	548	1
506	551	529	572	550	1
507	573	552	553	530	1
508	553	531	574	554	1
509	554	532	575	555	1
510	555	533	576	556	1
511	534	557	556	577	1
512	578	557	558	535	1
513	538	559	558	579	1
514	560	580	539	559	1
515	563	584	541	562	1
516	564	585	542	563	1
517	565	586	543	564	1
518	587	566	571	547	1
519	567	588	544	565	1
520	567	544	589	566	1
521	569	552	590	573	1
522	569	591	552	568	1
523	546	568	570	591	1
524	570	592	550	572	1
525	551	572	571	593	1
526	573	553	594	574	1
527	574	554	595	575	1
528	575	555	596	576	1
529	556	577	576	597	1
530	578	558	598	579	1
531	578	598	557	577	1
532	580	599	559	579	1
533	583	601	561	581	1
534	602	583	582	561	1
535	584	602	562	582	1
536	585	604	563	584	1
537	586	605	564	585	1
538	588	606	565	586	1
539	607	590	594	573	1
540	587	608	566	589	1
541	587	571	608	593	1
542	567	589	588	609	1
543	569	590	591	610	1
544	591	610	570	592	1
545	572	592	593	611	1
546	594	574	612	595	1
547	595	575	613	596	1
548	596	576	614	597	1
549	577	598	597	615	1
550	579	599	598	616	1
551	601	618	581	600	1
552	603	619	583	601	1
553	604	620	584	602	1
554	620	603	602	583	1
555	605	622	585	604	1
556	606	623	586	605	1
557	609	624	588	606	1
558	607	594	625	612	1
559	607	625	590	610	1
560	609	589	626	608	1
561	593	611	608	626	1
562	592	610	611	627	1
563	612	595	628	613	1
564	613	596	629	614	1
565	597	615	614	630	1
566	631	615	616	598	1
567	618	633	600	617	1
568	619	634	601	618	1
569	621	635	603	619	1
570	620	604	636	622	1
571	603	620	621	636	1
572	623	638	605	622	1
573	624	639	606	623	1
574	640	624	626	609	1
575	625	612	641	628	1
576	625	641	610	627	1
577	627	642	611	626	1
578	628	613	643	629	1
579	629	614	644	630	1
580	615	631	630	645	1
581	633	647	617	632	1
582	634	648	618	633	1
583	635	649	619	634	1
584	637	650	621	635	1
585	636	622	651	638	1
586	621	636	637	651	1
587	638	623	653	639	1
588	640	626	654	642	1
589	640	654	624	639	1
590	641	655	627	642	1
591	628	643	641	655	1
592	644	656	629	643	1
593	644	630	657	645	1
594	647	658	632	646	1
595	648	659	633	647	1
596	649	660	634	648	1
597	650	661	635	649	1
598	652	662	637	650	1
599	651	638	663	653	1
600	637	651	652	663	1
601	639	654	653	665	1
602	642	655	654	666	1
603	656	667	643	655	1
604	657	668	644	656	1
605	659	669	647	658	1
606	660	670	648	659	1
607	661	671	649	660	1
608	662	672	650	661	1
609	664	673	652	662	1
610	663	653	674	665	1
611	664	652	674	663	1
612	666	675	654	665	1
613	667	676	655	666	1
614	668	677	656	667	1
615	670	678	659	669	1
616	671	679	660	670	1
617	672	680	661	671	1
618	673	681	662	672	1
619	664	674	673	682	1
620	675	683	665	674	1
621	676	684	666	675	1
622	677	685	667	676	1
623	679	686	670	678	1
624	680	687	671	679	1
625	681	688	672	680	1
626	681	673	689	682	1
627	682	674	690	683	1
628	684	691	675	683	1
629	685	692	676	684	1
630	687	693	679	686	1
631	688	694	680	687	1
632	688	681	695	689	1
633	689	682	696	690	1
634	690	683	697	691	1
635	692	698	684	691	1
636	693	687	699	694	1
637	694	688	700	695	1
638	695	689	701	696	1
639	696	690	702	697	1
640	698	703	691	697	1
641	699	694	704	700	1
642	700	695	705	701	1
643	701	696	706	702	1
644	702	697	707	703	1
645	704	700	708	705	1
646	705	701	709	706	1
647	710	706	707	702	1
648	708	705	711	709	1
649	709	706	712	710	1
650	711	709	713	712	1
stop
